2342332
00110010001100110011010000110010001100110011001100110010100000000000000000000000000000000000000000000000000000000000000000000000000000000000000000000000000000000000000000000000000000000000000000000000000000000000000000000000000000000000000000000000000000000000000000000000000000000000000000000000000000000000000000000000000000000000000000000000000000000000000000000000000000000000000000000000000000000000000000000000000000000000000000000000000000000000000000000000000000000000000000000000000000000000000000111000
0:	01101010000010011110011001100111 10111011011001111010111010000101 00111100011011101111001101110010 10100101010011111111010100111010 01010001000011100101001001111111 00011111100000111101100110101011 01011011111000001100110100011001
1:	00101110001110111011110001111111 01101010000010011110011001100111 10111011011001111010111010000101 00111100011011101111001101110010 11001010111110110001011011010100 10011011000001010110100010001100 00011111100000111101100110101011
2:	11111001111010001011010101010101 00101110001110111011110001111111 01101010000010011110011001100111 10111011011001111010111010000101 01000101101001011001011111100110 01010001000011100101001001111111 10011011000001010110100010001100
3:	00111000101100011111011101110101 11111001111010001011010101010101 00101110001110111011110001111111 01101010000010011110011001100111 00010011111011110011101110001100 11001010111110110001011011010100 01010001000011100101001001111111
4:	00100101110110110110111100011101 00111000101100011111011101110101 11111001111010001011010101010101 00101110001110111011110001111111 00100100110100110011001101011111 01000101101001011001011111100110 11001010111110110001011011010100
5:	01011011010001011000001011110100 00100101110110110110111100011101 00111000101100011111011101110101 11111001111010001011010101010101 11110011011000111100011010010011 00010011111011110011101110001100 01000101101001011001011111100110
6:	00111110000000001110001100000010 01011011010001011000001011110100 00100101110110110110111100011101 00111000101100011111011101110101 11100110100111110100010011100110 00100100110100110011001101011111 00010011111011110011101110001100
7:	10100100101101101011011010100110 00111110000000001110001100000010 01011011010001011000001011110100 00100101110110110110111100011101 00001010000010010000101011001000 11110011011000111100011010010011 00100100110100110011001101011111
8:	01000101110011100000110101001010 10100100101101101011011010100110 00111110000000001110001100000010 01011011010001011000001011110100 01100110111000101100011100110011 11100110100111110100010011100110 11110011011000111100011010010011
9:	10001111101110000110111000011101 01000101110011100000110101001010 10100100101101101011011010100110 00111110000000001110001100000010 00000011011000101100010111011010 00001010000010010000101011001000 11100110100111110100010011100110
10:	11011110001101011011011111001111 10001111101110000110111000011101 01000101110011100000110101001010 10100100101101101011011010100110 10100011101111100101110001001001 01100110111000101100011100110011 00001010000010010000101011001000
11:	01010101000110101101010011100000 11011110001101011011011111001111 10001111101110000110111000011101 01000101110011100000110101001010 10001010111010001011100100010001 00000011011000101100010111011010 01100110111000101100011100110011
12:	00001000001100001010110001111110 01010101000110101101010011100000 11011110001101011011011111001111 10001111101110000110111000011101 10010101101011100010011001000001 10100011101111100101110001001001 00000011011000101100010111011010
13:	10110001110011110001000010010110 00001000001100001010110001111110 01010101000110101101010011100000 11011110001101011011011111001111 11000010000010010011011100001011 10001010111010001011100100010001 10100011101111100101110001001001
14:	10011110000100000100001000000011 10110001110011110001000010010110 00001000001100001010110001111110 01010101000110101101010011100000 01010110101001110101010001000010 10010101101011100010011001000001 10001010111010001011100100010001
15:	00001011001010010100110011011011 10011110000100000100001000000011 10110001110011110001000010010110 00001000001100001010110001111110 00010001101000110011001100101011 11000010000010010011011100001011 10010101101011100010011001000001
16:	11011110110111001111111111110100 00001011001010010100110011011011 10011110000100000100001000000011 10110001110011110001000010010110 01001010111000110000010110001111 01010110101001110101010001000010 11000010000010010011011100001011
17:	00001111011001011011010001001001 11011110110111001111111111110100 00001011001010010100110011011011 10011110000100000100001000000011 01100111001011100101101110101011 00010001101000110011001100101011 01010110101001110101010001000010
18:	10100010111000101010011111000100 00001111011001011011010001001001 11011110110111001111111111110100 00001011001010010100110011011011 10111010010001001011101011101100 01001010111000110000010110001111 00010001101000110011001100101011
19:	01000100101001100011011000010011 10100010111000101010011111000100 00001111011001011011010001001001 11011110110111001111111111110100 00100100111010000001111010111011 01100111001011100101101110101011 01001010111000110000010110001111
20:	00000001100111011100110000011000 01000100101001100011011000010011 10100010111000101010011111000100 00001111011001011011010001001001 11100000001010000011000000100100 10111010010001001011101011101100 01100111001011100101101110101011
21:	10010110110011100101111101110001 00000001100111011100110000011000 01000100101001100011011000010011 10100010111000101010011111000100 10001101111101100100110110111100 00100100111010000001111010111011 10111010010001001011101011101100
22:	00001110110100100100010011011010 10010110110011100101111101110001 00000001100111011100110000011000 01000100101001100011011000010011 00000101111000111010011010011000 11100000001010000011000000100100 00100100111010000001111010111011
23:	11000110000111110010101011011010 00001110110100100100010011011010 10010110110011100101111101110001 00000001100111011100110000011000 00010111011011111000010011110110 10001101111101100100110110111100 11100000001010000011000000100100
24:	10011110000110100001100001011010 11000110000111110010101011011010 00001110110100100100010011011010 10010110110011100101111101110001 01111100110111110000010001000001 00000101111000111010011010011000 10001101111101100100110110111100
25:	10110011101010110001011001111001 10011110000110100001100001011010 11000110000111110010101011011010 00001110110100100100010011011010 10101111001011000101000001010010 00010111011011111000010011110110 00000101111000111010011010011000
26:	00101000101110011001001001100110 10110011101010110001011001111001 10011110000110100001100001011010 11000110000111110010101011011010 00101101111100011111111011011110 01111100110111110000010001000001 00010111011011111000010011110110
27:	01100110111110100010000101110100 00101000101110011001001001100110 10110011101010110001011001111001 10011110000110100001100001011010 01110011000001110111111111011101 10101111001011000101000001010010 01111100110111110000010001000001
28:	11001101000000100001000011100110 01100110111110100010000101110100 00101000101110011001001001100110 10110011101010110001011001111001 01001101110010001010100010110101 00101101111100011111111011011110 10101111001011000101000001010010
29:	00010000010011100100000001110000 11001101000000100001000011100110 01100110111110100010000101110100 00101000101110011001001001100110 00011011000010011100111101100110 01110011000001110111111111011101 00101101111100011111111011011110
30:	10101100010000011101001110110110 00010000010011100100000001110000 11001101000000100001000011100110 01100110111110100010000101110100 01010010000111101001001101111001 01001101110010001010100010110101 01110011000001110111111111011101
31:	10111111101000011110011011101000 10101100010000011101001110110110 00010000010011100100000001110000 11001101000000100001000011100110 01101000011011011110101100010100 00011011000010011100111101100110 01001101110010001010100010110101
32:	01000010100101011110101110101100 10111111101000011110011011101000 10101100010000011101001110110110 00010000010011100100000001110000 10110100001000000001001101010111 01010010000111101001001101111001 00011011000010011100111101100110
33:	11100011110101100111100010110100 01000010100101011110101110101100 10111111101000011110011011101000 10101100010000011101001110110110 00101011001110001111011000101010 01101000011011011110101100010100 01010010000111101001001101111001
34:	01000001100010111111000100011001 11100011110101100111100010110100 01000010100101011110101110101100 10111111101000011110011011101000 01100101100001111000011100010010 10110100001000000001001101010111 01101000011011011110101100010100
35:	11011001100110001111100011010110 01000001100010111111000100011001 11100011110101100111100010110100 01000010100101011110101110101100 01011110001101100101000011100011 00101011001110001111011000101010 10110100001000000001001101010111
36:	01010010001110101101110111100011 11011001100110001111100011010110 01000001100010111111000100011001 11100011110101100111100010110100 11000000000000100010011101100111 01100101100001111000011100010010 00101011001110001111011000101010
37:	11000101100101000111011100111100 01010010001110101101110111100011 11011001100110001111100011010110 01000001100010111111000100011001 10000110111011000100101000110111 01011110001101100101000011100011 01100101100001111000011100010010
38:	10100101010101001111111000001010 11000101100101000111011100111100 01010010001110101101110111100011 11011001100110001111100011010110 00111011111010000010111010110011 11000000000000100010011101100111 01011110001101100101000011100011
39:	00001011111111000010011011001100 10100101010101001111111000001010 11000101100101000111011100111100 01010010001110101101110111100011 00010101100001111110000011001000 10000110111011000100101000110111 11000000000000100010011101100111
40:	01110100101000000111001100101010 00001011111111000010011011001100 10100101010101001111111000001010 11000101100101000111011100111100 01111101000000100111010010000100 00111011111010000010111010110011 10000110111011000100101000110111
41:	00001111010101100010110011011001 01110100101000000111001100101010 00001011111111000010011011001100 10100101010101001111111000001010 00101001001111110001110111110000 00010101100001111110000011001000 00111011111010000010111010110011
42:	01111111100111110100001010011101 00001111010101100010110011011001 01110100101000000111001100101010 00001011111111000010011011001100 10010111010100011000010000100101 01111101000000100111010010000100 00010101100001111110000011001000
43:	11000001101111101101000101100101 01111111100111110100001010011101 00001111010101100010110011011001 01110100101000000111001100101010 00011000000111100011101111110101 00101001001111110001110111110000 01111101000000100111010010000100
44:	01110000011101101111001100010011 11000001101111101101000101100101 01111111100111110100001010011101 00001111010101100010110011011001 10010101011101001111011010110111 10010111010100011000010000100101 00101001001111110001110111110000
45:	01011101101001010001101001001000 01110000011101101111001100010011 11000001101111101101000101100101 01111111100111110100001010011101 01011011111100100000000101011010 00011000000111100011101111110101 10010111010100011000010000100101
46:	11110010011001111000110011011011 01011101101001010001101001001000 01110000011101101111001100010011 11000001101111101101000101100101 11001111000011010111000101101011 10010101011101001111011010110111 00011000000111100011101111110101
47:	00101010000010100010000111000100 11110010011001111000110011011011 01011101101001010001101001001000 01110000011101101111001100010011 01110110111011000011100100001011 01011011111100100000000101011010 10010101011101001111011010110111
48:	01001111101100101001111101001101 00101010000010100010000111000100 11110010011001111000110011011011 01011101101001010001101001001000 00011001110111011100000100010000 11001111000011010111000101101011 01011011111100100000000101011010
49:	01011101010100010001110011011010 01001111101100101001111101001101 00101010000010100010000111000100 11110010011001111000110011011011 11101100110101111011100111011100 01110110111011000011100100001011 11001111000011010111000101101011
50:	10010111111111111111111111100111 01011101010100010001110011011010 01001111101100101001111101001101 00101010000010100010000111000100 00000101010111111010101000101011 00011001110111011100000100010000 01110110111011000011100100001011
51:	00011101010110011001011110000110 10010111111111111111111111100111 01011101010100010001110011011010 01001111101100101001111101001101 00000010001100110011101100100010 11101100110101111011100111011100 00011001110111011100000100010000
52:	11110110001000000110110001100001 00011101010110011001011110000110 10010111111111111111111111100111 01011101010100010001110011011010 11001011010000001101010010010000 00000101010111111010101000101011 11101100110101111011100111011100
53:	01010110000000110000000011111110 11110110001000000110110001100001 00011101010110011001011110000110 10010111111111111111111111100111 01111100101000111111000000101110 00000010001100110011101100100010 00000101010111111010101000101011
54:	11010010101000001110011010101101 01010110000000110000000011111110 11110110001000000110110001100001 00011101010110011001011110000110 01110110001011100101100000101111 11001011010000001101010010010000 00000010001100110011101100100010
55:	11110001111110010100000100011101 11010010101000001110011010101101 01010110000000110000000011111110 11110110001000000110110001100001 01110110110101100101011111010000 01111100101000111111000000101110 11001011010000001101010010010000
56:	10000001101011010011100001001010 11110001111110010100000100011101 11010010101000001110011010101101 01010110000000110000000011111110 00010011100101101011101110100100 01110110001011100101100000101111 01111100101000111111000000101110
57:	01011100000010110101000100111001 10000001101011010011100001001010 11110001111110010100000100011101 11010010101000001110011010101101 00001001100001101000100010101101 01110110110101100101011111010000 01110110001011100101100000101111
58:	00101010010010100110100010110111 01011100000010110101000100111001 10000001101011010011100001001010 11110001111110010100000100011101 00110111101101010010110011100111 00010011100101101011101110100100 01110110110101100101011111010000
59:	10110100110000011100110110111110 00101010010010100110100010110111 01011100000010110101000100111001 10000001101011010011100001001010 11111000001001101000000111001001 00001001100001101000100010101101 00010011100101101011101110100100
60:	10100101110111111001010111011101 10110100110000011100110110111110 00101010010010100110100010110111 01011100000010110101000100111001 00100011010011100101010010110110 00110111101101010010110011100111 00001001100001101000100010101101
61:	00000100110100000100100001000011 10100101110111111001010111011101 10110100110000011100110110111110 00101010010010100110100010110111 00000010010000100000111010100001 11111000001001101000000111001001 00110111101101010010110011100111
62:	01110111110111011101110101100000 00000100110100000100100001000011 10100101110111111001010111011101 10110100110000011100110110111110 00111011010010010011111110110111 00100011010011100101010010110110 11111000001001101000000111001001
63:	10111001010010011011111001001000 01110111110111011101110101100000 00000100110100000100100001000011 10100101110111111001010111011101 11000110101011000110011001011100 00000010010000100000111010100001 00100011010011100101010010110110
